1000
147914 540228
213808 549780
711943 273252
515852 164306
626541 944240
826097 510960
966915 741556
436841 900029
604499 932281
264340 590953
976312 280962
280010 997679
494487 566464
269746 749864
659404 491909
548490 939505
5638 323670
596922 278650
442956 233933
694526 112774
140086 585849
327406 520623
937005 107002
39283 280599
871553 57856
338818 819976
817655 364217
930681 135180
885044 312143
320404 200428
656285 544448
868119 385246
663896 178275
412209 981393
94168 623204
209054 623087
660062 750606
857608 52812
333411 597067
654923 413244
233220 721316
85533 510093
645274 567227
395722 16215
732995 46670
107471 232479
617725 905632
83908 491942
473335 281622
421178 12469
635556 83855
834462 630232
683044 811970
409038 208422
621666 532808
254124 580313
606759 371238
938466 856010
388577 768385
815055 850540
83019 121572
543556 922526
414468 700745
498719 143816
156285 404156
488011 436249
582834 308193
636516 838825
47248 782230
315038 45554
142219 668914
556505 85515
941525 748978
517363 11323
861863 330102
968026 848771
771297 461235
161980 27934
171751 702118
106274 177051
613300 844388
668934 594285
433111 196134
978365 305450
867356 996711
181977 809755
895270 9575
274906 738482
749805 353147
683249 792269
641040 128021
589256 167627
195562 928690
630808 267588
960991 883665
728053 737082
847719 90643
803130 913339
218789 797182
793893 297847
107602 86145
612073 975871
230705 2873
872372 886979
195600 496863
141236 555622
239601 352993
281683 730492
514432 435163
318828 428843
682277 991775
82418 563234
476573 46348
843531 885548
183395 695363
297860 153776
645999 807350
326575 426285
313264 876705
889920 198947
270921 25217
378210 31156
278000 510523
462038 659893
605088 792432
300559 780867
860453 287365
333713 382977
784878 853378
65093 693596
847373 968273
291975 362954
789239 9724
402781 618550
817498 618856
644073 292701
323857 88419
598942 538635
714880 118209
910641 577333
358200 319968
123685 727552
110530 735005
588383 457398
667347 895408
380033 653477
532783 31072
40796 672009
806911 838374
457230 443578
252631 624409
229181 617655
672642 92841
211050 344475
921808 387522
223842 638044
365596 796360
531365 347527
804926 992478
887886 636101
289578 988625
19697 784272
972633 338713
177087 60493
20423 779544
920306 150670
284677 789407
882248 149487
10314 957320
344842 609650
247694 932123
728483 568685
916212 129643
122121 776201
928654 237490
226115 10008
310632 218232
73297 245812
822658 283265
579161 250384
401054 359433
148840 499467
648954 685732
643052 547440
157091 175621
107744 504246
72931 404785
534428 352579
645132 505496
259338 656550
182910 573786
308370 1806
247618 9894
809511 381667
632052 586628
946062 388672
888140 549458
235190 611254
158695 53446
229067 394594
898841 315786
720571 853163
205743 488124
509972 771352
944254 850875
941014 769311
771117 643516
653410 249384
631052 535087
638068 979273
367945 779456
328914 584130
195384 256085
825884 80457
991403 870431
186217 54951
908115 890244
894721 423141
194493 630210
997437 921045
690356 655099
814967 938451
187836 977825
29265 984729
964002 335240
114696 667333
767815 331947
104385 959962
556771 479551
349983 930269
501572 548175
954771 536200
959341 926039
556249 365844
286890 670186
841637 553687
492138 493598
471424 656604
641333 196326
531566 17041
684374 605335
937283 162614
638929 452189
931740 558020
488289 195700
743875 281723
334276 506213
432253 214999
580843 809969
480156 504854
574893 867733
361332 321793
494750 583384
779710 349108
366149 136083
741419 827629
506595 566875
535416 195054
753074 145524
341225 467156
265232 757715
263928 601452
816451 115860
925829 212533
717388 913647
297732 922337
760483 808633
392017 175416
524524 255233
391316 688080
515709 407025
490252 649087
844141 538656
684181 25668
9177 113567
871282 541758
143210 790761
906621 651563
864096 476014
906013 348802
271140 97836
906470 203745
379162 31623
803208 814839
502919 420038
343416 194524
843612 534980
73637 833668
375689 204105
317673 757818
815928 384866
175627 705307
356870 959138
951504 598600
463754 737319
835155 857517
61263 734894
282869 257977
72817 956777
376815 86077
796954 92088
627069 236583
586604 156918
877375 217058
491228 962293
347159 195048
416708 307156
782646 39138
154090 773578
510897 734151
108020 617844
869091 862405
120382 169283
642412 151960
754390 709551
801640 535580
772163 67696
740966 945061
162119 358767
837412 618341
813390 169699
476855 700923
256413 230098
520028 259501
510004 410503
544700 547278
409683 618025
303660 413791
82103 46417
272321 946073
998005 352845
936893 73961
535374 770168
645288 677859
296201 213845
383544 999052
699976 625943
372393 376751
152604 956389
883245 892421
439699 662609
796986 427945
358088 365734
928504 100646
563071 956543
309389 200825
791138 561076
847597 246282
440494 842864
56709 492885
8289 736695
362638 956605
333356 708265
181007 735031
143804 485960
664921 580604
8549 99856
981942 461907
562554 882989
839532 910446
627623 125625
686702 665273
427908 935113
777977 50651
543536 868402
121449 351038
307643 551825
776443 439
251822 640999
643312 473802
54406 395626
495482 308233
770141 579307
462296 477425
904223 849047
491024 818180
483454 531847
466960 694078
744729 427714
812468 761290
112328 804617
872795 933917
934356 419972
577323 649238
123040 186178
98156 220635
45221 693798
273105 593639
587416 331714
697113 735401
553581 7991
539838 188137
398568 553387
497453 523151
284441 143297
464267 309921
243838 913121
849445 337062
502652 694546
397076 426769
163756 142044
835842 495233
605224 208977
540691 108947
360700 708992
716983 754156
942294 914281
984021 256822
296325 340862
511 997826
307748 97118
10239 464778
318192 67938
278837 859685
802806 820844
479240 675913
687498 966562
175540 315082
940381 292722
1714 232583
986740 301081
731715 718698
491872 445386
302600 715736
713562 788197
401667 819463
284242 537662
121953 411906
787943 118786
939631 400790
593055 590749
557312 418871
250306 280554
573276 249204
998139 190687
491769 91343
810041 501231
462969 223484
455572 301913
606462 765569
585033 685486
739501 8129
936387 385627
20765 861454
262244 724331
831432 960396
895620 371651
652205 905096
670652 662278
369317 225482
316825 668792
686375 861086
600922 643218
945131 149345
431266 56494
258333 67945
76074 532651
434630 997834
375640 12461
253144 455396
932144 637884
9535 84577
506025 344116
6394 178093
403575 176678
361822 375712
753150 236752
879970 48197
197542 354073
926919 341453
925750 628809
161460 701604
699438 1824
530637 596091
51487 75078
229314 300134
901063 499983
844100 755202
933295 407088
583766 850494
742558 853222
606326 945588
510138 495709
366134 2648
860453 707680
852841 809405
511010 786203
304379 14302
126745 726800
801879 835016
651502 694584
194567 547545
819099 552565
959654 38667
405514 268746
638320 59772
5361 148072
160133 244646
763646 515499
739531 526267
335673 624099
410302 592373
123027 363035
89835 231033
582402 766124
460708 891714
955612 233904
786470 171627
726647 291063
559810 746124
805896 132161
280233 198130
959129 327609
359460 956719
482986 722775
863227 615344
207717 335011
698046 789881
20915 847096
613220 787882
195948 603317
353573 590280
761907 667912
958976 140043
402519 488554
137067 518786
233268 724768
52377 933653
890372 708749
947877 928190
543534 889710
224722 811104
600985 751251
114699 439120
227002 138252
257921 244271
834551 939303
607215 611495
751538 112810
117717 566191
601329 670410
395178 254784
188437 350950
576051 447555
892097 78809
968520 523928
851384 435631
703234 709594
148714 968722
106974 817933
62204 892069
831372 881248
492743 413107
525918 954939
37483 760633
431043 159987
414771 155164
506114 826221
790129 119561
714722 598518
122446 682226
634210 199594
909188 973831
458905 337444
671730 574255
466324 565879
447127 733934
663394 814048
768987 456222
216856 705664
865651 806470
961635 164251
506825 796774
916335 984101
98971 813306
495532 631058
830652 221418
711601 646094
983539 256193
830448 170506
252737 655269
905555 813124
627172 216217
672439 85301
790965 396159
718982 405647
86251 656616
453391 196969
697422 593076
406382 886078
517136 796394
534164 418266
64361 864141
636686 245765
932623 564252
219521 467134
796610 701712
917929 641428
726730 423782
336293 106721
28720 517695
690664 571627
768596 114971
224399 660407
546485 466019
778765 147133
565400 63622
444115 312929
75046 146113
710365 80801
64287 7669
709381 446238
604018 377249
801031 143663
250384 330748
364796 653676
225304 279104
910428 571812
232219 510252
492623 134827
281961 778704
358678 271388
100669 363713
509826 319145
399946 175715
699736 736543
182781 980585
874186 409118
69133 303151
150252 675217
845246 319517
114973 31400
603212 70550
580802 25401
676581 835431
130487 73426
861166 474894
838607 489166
808311 961836
137551 864785
601328 724610
221547 837288
762758 300461
119964 95734
287303 348243
667760 270216
301616 132549
719451 299085
840839 904828
256611 816606
406384 517420
992314 387099
392617 267550
745738 347273
212058 200928
441890 883290
236930 329738
146551 663438
275524 516040
864283 266515
536732 79179
211729 48395
347480 354700
259529 447532
264138 188319
222091 32492
419591 670522
454425 214405
561678 812208
529489 200163
599805 290088
619826 971379
151169 353087
869127 282729
549245 943045
22225 249762
298157 602329
957029 750306
197838 161990
866661 732910
765403 978329
648851 88753
819510 184994
513555 619628
819792 897541
187629 559396
47127 935949
289037 323808
606537 714649
657694 158164
924279 672134
790815 679919
946577 738788
900778 747845
480755 144416
122745 283792
888897 246158
947505 287948
423929 224759
122300 977412
536808 760073
696022 826282
666442 583935
298584 985059
659576 789331
977818 956279
152550 583855
322643 768633
32830 615480
759896 739774
23566 513586
276096 398993
203293 428815
653574 739953
717365 143574
903647 292227
634861 254173
354461 599670
101081 301303
606986 653045
125676 760657
344512 584804
869790 794579
410059 183508
923282 902620
932558 686307
601652 463200
892015 208655
948608 321297
464872 545589
354168 182326
952851 884871
484541 989029
290332 307312
476710 585623
862632 413671
514827 118738
429669 207145
390653 384617
287238 356080
558739 830287
293487 219796
944803 160391
998041 701854
247443 409764
592090 979265
864136 601612
106993 61293
368606 348678
450653 913678
327349 361668
996758 313285
36782 842176
226794 426428
298860 943787
774074 30384
250180 857600
534343 583913
285767 711336
121100 532384
511649 49563
651175 229542
290835 375786
240816 274520
188198 175793
537461 207821
521106 515547
874076 50572
993352 74241
18028 617222
647606 292212
149812 792103
892368 414138
125474 684156
732892 178136
227699 246574
476116 244542
136680 395226
669746 766952
459097 377496
585317 857945
889844 996559
563483 622775
697016 763920
381142 556835
849047 715045
23500 28748
959239 515212
199368 915868
610356 84713
331288 932260
693154 838055
233281 323756
607060 829834
723682 419380
793677 66158
579069 308999
448127 683521
963794 142552
215739 145143
376540 344936
890037 64786
96350 400040
832261 849276
450341 812070
744331 442617
280673 297981
621738 953837
783672 30306
966038 745150
811308 507354
332706 759715
443237 906729
565633 780833
442328 407031
268319 781372
362511 818869
218909 674708
40336 458861
270932 567522
10140 490678
788659 531615
485452 807165
353823 926749
188252 785476
809183 319862
79577 515912
422642 658241
955426 39166
962549 988275
286000 397754
216623 230869
905577 648511
623724 951885
35759 462266
952944 894656
942623 45899
369416 257955
701057 944428
729904 723240
559454 889309
405221 55439
713680 639031
194550 344215
848843 669106
583213 157099
387968 134843
299706 316188
268073 809898
788516 923430
334439 303833
866084 741460
515767 277062
221490 751853
475093 733176
138837 467747
523186 34547
189930 544059
404626 753219
938677 384480
57932 253469
904664 521890
838079 445900
772150 204370
644153 622504
442689 560666
818478 978592
255654 825126
576979 850598
583774 993497
977596 52072
602971 722612
783023 17134
286705 309253
210086 187649
957471 225383
263625 268018
230270 378487
582858 618056
756913 518773
595791 227011
721955 199602
541080 414270
264868 493961
487458 118059
686483 364994
87606 981406
998541 805806
631412 386981
90983 285246
26981 841498
625868 564806
943293 290607
425015 856138
891263 42503
269514 181928
897883 487055
901325 991469
485431 438963
73375 682545
563891 489241
987000 759858
565665 167850
554831 985541
787139 197077
554927 645814
726972 814121
621080 180795
553285 670266
712769 46095
744376 960901
447956 498636
6457 642259
597574 865633
64530 8240
497482 670949
947160 628421
796271 834
986375 512825
226254 867455
29621 773514
103987 297533
994680 756594
426860 725067
287515 547965
508866 139629
638265 31891
190502 473174
338807 644723
652963 788076
975378 403337
548111 666797
667631 922538
951715 344382
728189 170358
460225 694321
991854 757811
514405 80564
805632 986534
50851 941265
597246 609499
641390 76070
549244 751864
912939 348244
652672 404404
807741 82254
265404 144402
66940 872204
732939 933035
619746 535007
229328 461128
218939 79971
160535 737534
240420 733344
190961 482519
608370 807624
883694 304560
56424 766112
114356 949290
353694 969363
567969 283381
427783 677788
549992 833373
282761 494724
546083 282931
260412 902507
498830 291764
29298 479351
729048 175717
174589 786071
593695 436361
740921 782959
549072 477389
943031 797345
283060 179780
463161 296726
490866 851030
684403 890945
902021 40858
840142 967164
386023 448104
256220 100554
96257 884853
60571 285519
587942 825305
261667 751512
534471 181637
175378 518940
316286 599895
779676 118409
415135 115698
966728 242837
650134 906001
463212 651132
134648 552155
516612 819706
436612 520672
405525 772832
574703 532869
874527 982448
